Symbol	DEMO_RNAseq_S01	DEMO_RNAseq_S02	DEMO_RNAseq_S03	DEMO_RNAseq_S04	DEMO_RNAseq_S05	DEMO_RNAseq_S06	DEMO_RNAseq_S07	DEMO_RNAseq_S08	DEMO_RNAseq_S09	DEMO_RNAseq_S10	DEMO_RNAseq_S11	DEMO_RNAseq_S12	DEMO_RNAseq_S13	DEMO_RNAseq_S14	DEMO_RNAseq_S15	DEMO_RNAseq_S16	DEMO_RNAseq_S17	DEMO_RNAseq_S18	DEMO_RNAseq_S19
LOC101929298	31.782	0.084	0.265	79.105	1.107	1.174	2.469	0.067	0.332	1.521	4.74	1.719	10.265	2.899	2.199	29.81	12.528	3.118	0.592
LOC105376128	1.729	59.372	7.443	9.226	5.395	1.05	27.943	26.801	2.799	0.202	1.322	23.614	0.351	0.356	5.531	10.387	77.95	17.995	32.42
LOC107985339	123.156	0.238	0.306	9.076	20.97	9.735	4.094	195.833	2.841	14.957	10.913	6.726	2.588	15.222	7.226	94.771	0.654	0.697	0.678
A1BG	8.373	28.241	1.253	20.11	8.671	418.149	0.125	2.464	100.271	4.053	12.849	5.968	27.74	11.808	1.742	16.668	20.243	10.881	0.984
A1CF	5.937	0.774	8.827	12.187	1.026	1.096	3.178	3.385	29.088	2.441	3.253	6.147	221.002	0.459	10.313	0.851	9.057	0.348	485.742
A2M	1.004	1.985	0.138	0.207	0.27	3.425	0.641	0.006	0.526	4.053	0.995	2.101	0.406	554.904	103.665	34.025	42.112	3.274	32.247
A2ML1	5.283	6.337	8.524	71.151	1.015	0.845	51.706	38.615	2.458	50.933	80.371	10.172	10.132	3.718	9.388	0.874	37.496	0.807	46.175
A3GALT2	3.566	8.726	3.573	359.698	0.19	0.883	10.503	6.906	1.377	1.046	15.463	5.073	0.773	0.213	2.177	115.813	1.669	3.054	19.618
A4GALT	4.661	9.636	0.876	1.326	0.939	26.894	1.969	1.411	1.908	16.536	11.191	28.681	3.57	5.164	0.122	0.17	21.436	4.549	48.085
A4GNT	2.775	0.85	1.458	0.613	13.696	98.349	10.43	1.705	171.691	2.672	312.055	13.556	12.744	0.132	3.828	2.181	0.537	109.206	9.228
AAAS	35.072	1.483	1.273	1.314	6.241	0.128	46.057	1.213	12.513	3.887	1.088	18.573	1.332	2.716	16.771	0.618	1.841	3.119	1.365
AACS	25.023	2.421	0.835	47.309	22.778	0.512	0.216	0.107	0.741	3.44	0.042	10.37	2.388	24.281	14.392	0.735	1.572	16.381	14.507
AADAC	2.73	1.917	7.417	15.844	12.541	32.591	10.114	0.141	34.012	2.257	1.833	44.819	7.057	45.406	3.096	32.475	2.984	1.661	15.193
AADACL2	0.199	133.2	79.873	3.21	1.696	34.234	343.996	0.4	19.288	18.46	7.481	1.825	14.995	19.41	4.205	22.96	102.754	1.318	6.124
AADACL3	0.151	45.509	2.382	16.904	169.362	199.527	10.904	1.163	2.923	0.243	42.06	3.385	17.104	3.627	85.494	410.572	61.023	0.539	1.665
AADACL4	121.731	23.416	60.801	5.979	75.252	1.125	5.1	2.224	0.809	2.869	2.216	11.599	2.958	46.213	2.159	7.387	3.424	0.231	0.348
AADAT	26.206	1.89	5.303	0.414	8.617	1.635	7.018	2.665	0.201	0.71	0.682	15.703	4.985	9.222	0.583	78.534	0.643	0.623	3.477
AAED1	1.829	11.774	57.333	0.914	3.036	29.401	3.227	6.447	3.97	1.708	0.923	82.961	5.206	11.205	18.966	2.078	0.309	1.83	2.93
AAGAB	11.625	11.54	15.4	15.338	2.716	6.115	4.092	2.7	1.005	58.733	1.655	7.449	8.348	2.159	2.48	1.786	56.777	32.659	1.736
AAK1	0.511	1.719	1.114	0.341	17.721	13.413	8.968	0.739	1.361	3.967	0.674	3.894	14.575	3.935	0.436	104.322	0.429	2.289	0.518
AAMDC	2.313	1.445	16.945	2.542	2.398	114.049	0.573	6.096	53.524	25.424	8.987	4.24	0.07	0.157	1.066	8.217	6.416	0.186	0.127
AAMP	1.281	3.641	6.348	1.42	0.079	2.729	30.876	74.36	4.247	74.142	2.837	0.977	4.582	16.076	2.317	280.617	43.504	9.721	7.14
AANAT	0.014	5.898	49.448	15.003	6.204	0.67	0.928	4.122	2.33	0.475	4.356	1.126	0.112	7.967	1.096	11.905	62.657	3.687	27.547
AAR2	35.076	17.819	84.803	2.167	31.647	0.301	3.183	439.735	4.141	4.721	10.701	60.401	0.307	1.813	0.509	3.768	0.122	10.656	0.446
AARD	51.366	60.643	1.791	17.027	0.915	3.478	2.634	4.471	15.667	16.277	1.82	0.97	1.04	1.073	5.492	205.272	25.171	3.561	8.509
AARS	56.804	1.5	2.604	4.075	2.057	0.373	26.242	0.537	18.187	2.089	1.839	8.12	2.453	0.126	5.515	3.864	0.401	3.055	22.673
AARS2	27.06	2.576	20.473	0.445	0.82	0.525	0.701	0.403	13.389	8.855	7.86	15.981	5.412	5.925	5.332	2.907	35.864	82.995	0.879
AARSD1	6.12	0.454	8.496	2.808	26.359	108.391	3.333	13.348	2.976	0.176	1.484	2.921	6.692	6.495	1.425	8.128	0.432	0.87	0.151
AASDH	8.431	0.251	9.562	14.308	12.365	21.251	17.306	139.115	4.067	0.971	4.489	95.128	10.449	2.046	0.586	22.466	2.517	1.87	6.632
AASDHPPT	0.353	219.406	2.582	896.424	22.899	0.412	8.837	207.369	1.035	15.644	0.755	19.136	25.608	5.082	0.813	9.763	1.396	0.399	4.628
AASS	3.143	8.13	570.038	1.285	11.68	0.114	1.805	79.869	0.209	0.043	1.976	0.183	0.47	0.34	0.717	20.397	3.478	1.867	53.216
AATF	3.316	49.878	0.162	16.089	2.159	0.62	0.407	10.681	8.798	6.936	0.836	18.516	6.357	0.477	30.743	2.38	0.362	21.422	1.268
AATK	143.184	1.819	36.859	0.539	0.704	2.304	0.039	2.298	12.785	2.57	23.098	0.997	3.026	3.378	9.374	1.645	4.44	10.357	4.168
ABAT	5.786	22.466	29.126	29.082	3.431	0.507	0.24	1.291	1.161	5.366	10.731	1.573	4.209	0.749	0.643	17.791	14.553	2.833	36.711
ABCA1	0.495	31.517	3.717	54.453	1.651	0.117	1.67	46.195	44.942	1.336	8.434	1.437	40.531	32.157	335.32	2.995	3.565	1.692	0.409
ABCA10	8.62	104.394	0.162	2.081	15.889	0.199	22.016	0.267	2.537	9.294	8.121	53.796	57.537	183.567	9.286	31.982	1.665	6.955	28.065
ABCA12	51.309	31.949	3.385	1.013	19.111	5.882	0.124	0.718	0.407	1.76	29.843	283.446	0.167	0.916	18.042	0.516	2.013	3.366	2.088
ABCA13	1.1	3.24	8.402	0.04	0.236	46.366	0.806	0.742	32.71	1.865	7.811	5.621	7.925	7.672	6.734	1.251	6.613	1.411	36.414
ABCA2	5.039	4.994	2.176	19.041	0.385	2.518	0.485	5.479	4.26	92.551	0.519	28.311	0.345	1.428	0.663	0.618	4.122	1.562	8.073
ABCA3	2.474	120.973	4.954	3.375	0.426	1.726	54.279	4.118	753.359	6.957	2.96	2.785	0.688	3.871	0.664	1.766	28.004	3.972	2.719
ABCA4	3.546	0.692	383.376	0.226	17.715	1.462	1.827	181.878	0.937	138.649	0.607	37.962	2.729	22.48	1.615	5.665	12.039	1.701	4.886
ABCA5	3.159	3.853	0.539	0.077	0.33	6.591	0.169	10.997	10.574	8.014	29.616	2.225	31.063	29.733	9.345	7	0.289	4.575	3.888
ABCA6	15.725	7.699	9.401	0.2	2.228	6.7	7.683	0.586	62.863	59.789	2.408	7.887	63.743	37.304	14.776	4.638	41.589	11.105	0.107
ABCA7	16.031	172.493	3.323	1.554	5.415	7.521	27.438	4.138	62.457	4.395	6.811	13.066	5.038	85.17	3.573	2.128	4.84	0.867	0.369
ABCA8	1.738	1.119	5.526	0.996	0.221	0.375	1.229	10.643	7.945	1.712	6.75	10.682	6.691	6.533	12.621	0.697	6.799	1.65	0.748
ABCA9	0.764	6.994	2.867	0.322	3.232	2.376	1.314	101.715	13.721	41.919	6.478	3.212	26.813	3.071	23.862	64.581	4.162	820.882	6.603
ABCB1	1.2	2.08	5.574	58.792	1.574	34.966	2.11	8.26	8.709	39.106	3.096	1.019	5.653	16.161	0.932	2.095	11.843	3.094	2.924
ABCB10	15.509	2.982	10.907	1.403	0.381	0.054	110.262	45.076	7.927	0.246	171.903	6.074	263.192	36.198	10.349	2.954	5.254	11.586	5.393
ABCB11	14.161	7.268	2.488	16.972	135.141	2.688	20.736	0.308	28.775	2.061	0.528	0.561	4.083	22.893	0.514	9.103	569.288	7.482	9.213
ABCB4	4.635	12.554	3.705	3.174	16.137	7.446	0.364	4.063	3.588	1.717	14.172	16.727	13.113	59.591	1.071	14.839	2.773	16.71	0.587
ABCB5	0.537	14.224	0.609	12.74	0.297	44.922	147.562	116.685	62.468	9.742	1.255	15.177	30.306	188.706	4.272	0.9	0.809	21.651	0.078
ABCB6	0.888	20.717	21.193	27.156	3.973	0.507	1.558	268.646	1.854	50.022	30.057	6.453	1.191	2.852	8.19	1.613	1.418	12.953	0.163
ABCB7	5.248	87.574	28.741	5.3	0.057	3.711	0.141	8.337	23.645	17.452	7.336	12.636	0.771	0.354	25.196	175.798	1.58	7.582	0.269
ABCB8	2.62	7.934	0.643	0.449	5.03	0.741	0.689	116.355	54.822	10.749	0.219	10.944	12.178	2.146	108.887	29.508	1.46	10.362	0.14
ABCB9	3.638	0.797	5.115	7.726	6.448	4.401	0.382	0.474	11.434	11.828	1.837	2.273	0.221	2.612	1.226	5.238	170.365	0.191	3.633
ABCC1	2.304	0.402	54.683	53.205	5.856	1.683	21.793	102.359	13.874	6.338	4.781	0.32	0.653	23.929	12.7	0.073	3.336	12.509	0.789
ABCC10	0.405	0.225	10.567	8.384	0.132	23.568	9.032	4.395	32.499	14.012	1.794	1.269	78.886	2.837	0.451	5.355	6.302	11.354	4.37
ABCC11	0.973	9.096	12.063	1.449	0.677	2.429	2.389	4.536	0.841	6.566	3.919	1.192	0.879	0.924	5.077	0.252	0.548	2.869	6.049
ABCC12	9.473	46.052	1.772	0.649	22.676	1.086	13.894	6.559	0.064	1.376	0.628	0.628	26.338	63.947	1.709	19.727	1.371	4.526	1.184
ABCC2	3.784	2.948	0.465	0.276	1.763	3.65	5.08	12.962	1.794	15.256	0.329	0.669	1.015	10.823	8.311	2.467	6.615	21.272	1.477
ABCC3	0.797	4.187	24.916	0.661	0.217	23.234	2.476	18.579	6.066	28.298	11.213	13.363	9.743	29.445	1.868	18.344	21.933	25.102	23.064
ABCC4	47.337	0.207	36.159	83.313	20.876	1.322	137.015	4.938	4.505	0.387	0.151	16.825	0.479	9.195	2.159	17.083	10.586	1.765	161.32
ABCC5	0.029	2.764	158.026	0.135	6.065	21.397	0.295	86.002	9.386	3.695	2.611	32.5	23.023	23.893	2.139	6.574	0.427	2.147	2.118
ABCC6	3.222	45.434	59.78	2.576	0.434	2.957	18.024	0.345	3.004	32.92	82.478	38.802	1.969	3.518	4.342	122.931	0.961	0.046	6.085
ABCC9	0.087	3.698	17.859	1	0.723	1.362	0.771	45.056	5.992	42.147	16.178	10.996	1.675	1.008	20.184	5.497	1.419	0.899	54.711
ABCD1	176.721	4.08	41.081	7.994	4.618	11.284	19.298	2.733	105.714	1.063	9.25	6.303	11.211	9.812	1.867	3.512	4.202	0.59	0.143
ABCD2	5.509	9.391	1.557	2.88	0.574	6.317	22.003	0.157	1.433	13.813	20.52	90.095	3.255	1.367	1.171	2.729	0.426	2.026	5.914
ABCD3	0.663	6.696	2.814	3.303	1.282	75.861	0.642	0.311	4.087	5.612	1.323	8.082	6.116	29.421	2.319	0.145	5.618	0.439	7.327
ABCD4	12.434	4.861	0.259	64.197	2.786	1.04	3.536	0.904	63.829	5.181	6.065	2.681	11.166	1.666	4.397	9.378	1.628	47.102	26.488
ABCE1	13.956	2.594	1.628	20.554	26.135	0.056	108.379	49.888	11.814	7.078	1.226	15.891	91.878	3.915	30.146	0.139	2.679	24.247	0.76
ABCF1	10.067	11.469	42.564	0.371	0.726	1.375	10.35	3.157	0.367	1.114	11.659	14.311	10.474	2.291	12.853	0.598	1.231	13.104	24.835
ABCF2	1.187	2.647	1.72	0.862	9.049	4.459	3.122	25.4	1.92	172.872	0.107	2.267	7.114	3.226	0.309	1.245	5.586	5.637	16.982
ABCF3	210.67	17.535	2.145	5.207	1.109	0.713	8.712	16	1.737	0.543	3.886	2.344	2.281	266.252	0.957	1.298	137.886	125.265	17.252
ABCG1	0.552	6.833	0.803	12.906	0.523	2.452	0.987	11.788	0.913	17.215	8.677	2.199	157.88	1.117	122.649	0.466	0.205	6.32	1.572
ABCG2	0.822	32.717	3.49	1.33	12.197	6.761	14.05	0.173	5.059	0.38	10.303	0.334	1.554	44.182	5.804	2.876	1.537	321.043	14.658
ABCG4	1.791	58.455	15.447	0.551	1.12	3.511	4.768	11.003	14.137	4.817	1.783	8.973	4.642	2.728	2.85	1.713	1.179	156.995	1.108
ABCG5	14.189	1.695	0.048	4.696	30.584	69.347	0.862	1.219	0.842	34.397	1.561	5.344	4.788	0.969	4.417	1.647	3.725	2.077	0.208
ABCG8	1.485	3.089	1.226	13	24.3	2.16	0.54	0.575	40.583	22.4	11.594	50.826	1.196	4.401	1.792	36.399	2.144	20.177	0.805
ABHD1	5.46	8.477	0.374	2.437	36.397	3.299	0.327	9.478	0.167	15.186	0.628	14.575	0.803	0.649	0.757	0.519	20.542	10.31	5.619
ABHD10	32.187	8.572	1.288	25.109	6.088	23.993	16.711	1.9	6.029	4.046	0.097	2.93	4.584	0.878	14.098	3.124	3.971	0.027	4.149
ABHD11	6.001	50.617	46.697	15.66	0.442	4.829	2.999	0.156	23.325	3.818	7.363	0.793	0.9	12.823	1.268	1.907	10.929	7.841	0.769
ABHD12	1.513	10.944	6.243	78.924	26.463	3.889	3.347	11.03	2.989	0.343	0.63	75.031	8.85	58.031	1.799	0.12	9.993	50.647	6.024
ABHD12B	20.811	62.807	5.046	5.813	3.231	0.416	1.367	91.279	58.457	3.275	1.869	8.334	8.435	1.796	31.7	7.302	1.434	0.429	0.651
ABHD13	27.006	3.895	2.752	0.03	17.669	33.172	0.742	77.083	161.449	8.836	57.365	3.978	14.278	0.748	0.213	29.795	3.175	6.2	1.956
ABHD14A	17.557	6.02	2.536	4.028	117.867	4.478	0.546	50.476	4.21	5.05	0.759	15.985	3.462	45.142	2.669	1.722	13.901	0.863	3.687
ABHD14A.ACY1	2.396	38.586	9.278	6.484	5.674	9.198	0.379	10.28	3.687	0.594	48.094	1.485	4.744	24.62	4.24	2.789	26.085	23.158	2
ABHD14B	26.839	1.204	1.237	15.651	4.468	0.191	0.329	3.334	11.9	89.977	4.041	46.961	2.47	64.926	0.846	6.666	0.596	4.311	0.332
ABHD15	14.651	7.156	3.182	60.603	10.708	0.093	3.155	0.738	6.433	1.362	54.955	0.159	0.5	50.399	3.44	7.601	3.355	0.562	24.733
ABHD16A	17.952	0.479	0.474	0.25	0.676	3.457	14.345	42.5	3.438	2.393	88.506	5.534	29.36	2.192	20.44	39.257	0.174	11.277	63.026
ABHD16B	0.422	0.499	274.53	0.341	25.971	14.739	120.269	6.367	1.17	3.396	1.023	54.776	3.424	11.358	53.11	43.257	1.416	0.745	35.127
ABHD17A	2.031	2.675	7.489	12.072	74.426	0.462	4.508	4.447	19.395	41.132	3.849	3.611	245.548	0.229	9.548	94.494	2.284	1.639	0.668
ABHD17B	69.87	13.111	6.651	3.163	0.697	32.006	2.499	7.525	2.649	1.467	1.012	9.789	8.166	1.894	12.49	17.346	18.947	2.517	2.191
ABHD17C	1.54	1.448	9.083	2.83	0.359	9.129	2.289	6.511	57.009	1.357	1.277	8.798	14.303	6.184	86.869	3.205	17.67	25.641	1.711
ABHD2	1.649	11.952	0.493	2.429	10.117	0.127	3.654	11.901	0.295	3.383	3.517	0.989	7.655	81.665	2.25	27.203	0.534	1.722	9.349
ABHD3	0.628	11.149	0.691	2.211	170.489	220.636	76.756	4.966	1.26	15.074	34.732	2.763	7.593	15.625	17.119	8.452	0.089	112.306	71.314
ABHD4	1.921	2.935	3.9	21.51	1.863	9.75	0.902	10.801	109.883	71.748	4.399	2.075	3.991	6.357	19.636	54.864	12.339	2.021	2.252
ABHD5	1.959	85.674	2.656	8.316	2.289	0.281	1.64	0.11	0.256	5.334	10.477	7.708	24.011	191.125	11.285	1.912	0.105	0.11	11.658
ABHD6	3.411	22.806	8.653	5.404	23.19	64.435	5.865	2.026	21.21	0.705	1.359	3.809	38.002	1.285	1.828	1.559	8.698	0.611	49.407
ABHD8	9.071	5.861	2.599	6.668	13.212	59.118	0.453	4.14	11.449	0.338	0.149	5.016	0.814	8.565	75.064	0.619	2.077	0.586	9.904
ABI1	1.39	7.015	3.946	3.943	12.015	0.793	16.004	11.406	34.018	285.033	13.477	0.942	3.639	221.079	13.807	2.304	19.153	4.367	16.476
ABI2	4.969	18.959	48.054	2.912	42.113	23.606	4.121	51.465	16.323	3.442	0.129	0.685	10.661	9.073	1.39	19.053	36.713	0.938	0.037
ABI3	2.374	11.48	0.903	5.021	7.708	1.415	18.337	1.818	2.197	1.303	1.284	0.975	22.168	0.676	6.204	49.941	0.095	0.192	1.827
ABI3BP	2.735	14.089	3.329	0.41	1.282	0.816	0.689	3.423	65.11	30.503	116.187	25.141	0.383	9.13	30.627	4.236	59.558	1.268	1.558
ABL1	1.727	6.086	13.331	56.136	28.143	2.459	7.659	7.563	0.174	1.351	0.579	16.566	12.535	27.572	2.57	8.068	2.793	3.901	73.778
ABL2	75.031	44.285	2.673	0.655	66.644	1.522	1.433	1.295	4.06	9.903	1.163	0.415	0.47	5.155	755.126	14.309	20.339	1.113	0.992
ABLIM1	35.164	21.182	6.76	0.934	0.14	0.368	2.37	99.519	2.655	16.696	7.239	15.914	3.887	53.818	5.089	5.529	39.767	24.554	5.211
ABLIM2	18.272	1.266	11.36	0.02	4.57	0.973	0.981	4.41	0.775	7.424	2.662	0.31	7.013	4.934	1.557	3.386	1.044	1.987	1.36
ABLIM3	1.862	0.447	1.807	0.783	2.088	12.676	51.704	5.139	1.6	0.682	14.404	3.671	2.345	57.891	1.109	4.999	2.926	1.729	0.603
ABR	1.312	1.703	0.36	4.85	2	8.831	6.244	1.919	1.267	34.783	0.347	15.325	47.592	0.125	1.306	1.376	3.61	15.14	6.773
ABRA	16.973	2.571	53.088	34.377	6.604	4.173	3.393	5.765	0.88	7.164	49.609	56.704	34.382	1.168	28.201	1.042	5.277	0.271	5.349
ABRACL	39.092	2.347	14.407	0.084	0.456	4.07	0.031	36.987	8.969	0.76	0.587	1.698	0.507	0.2	0.877	176.609	1.552	0.276	122.803
ABT1	59.197	0.845	0.054	6.773	1.484	8.183	125.559	2.264	35.566	96.322	16.828	1.055	12.816	4.622	1.843	58.816	5.566	61.514	1.412
ABTB1	138.713	0.176	38.308	21.253	3.415	13.228	1.256	6.381	3.427	24.387	1.356	0.155	8.546	1.621	1.827	0.911	62.152	14.613	6.977
ABTB2	0.492	19.26	25.184	5.814	0.241	7.04	0.233	10.753	9.683	7.115	0.831	15.824	8.533	30.562	1.508	0.713	130.298	8.889	8.125
ACAA1	0.217	11.888	4.308	5.272	0.33	0.613	95.8	11.517	0.087	5.177	4.789	5.377	11.261	10.314	2.601	1.605	2.385	8.221	11.549
ACAA2	25.218	61.895	22.22	0.275	56.493	26.151	10.613	43.599	71.571	32.013	57.35	166.07	1.451	953.329	2.654	0.044	1.032	0.894	1.19
ACACA	13.344	0.805	0.658	29.317	1.993	5.586	0.173	13.322	100.673	30.917	11.743	2.812	92.205	1.547	3.92	0.241	58.981	9.99	84.48
ACACB	1.459	10.776	3.379	0.713	86.505	0.265	116.742	0.605	4.22	6.297	25.038	2.514	0.079	0.83	0.953	0.903	0.283	8.54	23.288
ACAD10	87.884	18.311	7.44	26.894	5.557	1.014	0.407	0.5	2.654	61.147	20.103	1.92	4.079	141.149	4.365	0.95	1.889	1.319	2.61
ACAD11	1.689	23.309	6.942	0.609	15.237	3.114	3.916	5.358	28.836	0.635	5.163	200.448	0.404	0.188	0.553	30.635	2.974	1.829	2.375
ACAD8	2.057	2.918	4.917	10.641	21.049	12.431	1.433	2.706	4.881	0.062	1.444	2.488	10.275	1.712	4.72	1.622	55.38	14.217	0.502
ACAD9	10.753	1.005	9.741	0.344	12.746	14.023	29.044	19.708	25.438	1.829	0.081	155.949	17.463	99.79	3.658	2.54	15.735	0.361	12.237
ACADL	1.142	25.451	3.669	8.922	0.606	0.522	1.318	38.544	28.444	5.411	0.321	75.357	8.754	37.503	12.242	17.163	0.112	372.45	6.791
ACADM	73.821	7.128	4.274	3.458	0.219	6.398	0.08	7.302	22.586	0.005	4.61	5.916	65.117	0.484	0.3	19.993	2.252	0.07	4.237
ACADS	3.956	13.435	43.672	90.988	6.694	10.184	0.753	1.646	15.283	33.927	6.679	10.376	35.666	11.559	4.634	0.303	81.953	0.233	6.016
ACADSB	1.23	35.222	27.964	6.805	0.339	46.474	1.192	0.427	14.423	3.673	11.956	28.536	2.709	53.104	21.167	6.861	0.345	9.141	1.983
ACADVL	0.503	5.66	0.498	4.904	1.786	1.462	6.277	3.17	44.9	55.797	0.764	0.516	0.235	0.866	1.794	7.628	56.087	9.413	8.516
ACAN	0.776	3.473	10.989	132.468	2.306	46.628	0.933	5.997	9.055	1.125	22.66	4.279	5.191	35.31	10.276	1.238	12.337	8.513	41.364
ACAP1	1.568	9.168	1.203	90.415	1.2	0.139	26.595	9.806	8.809	117.047	1.377	4.716	1.208	0.755	91.76	5.008	5.085	46.207	6.916
ACAP2	37.124	155.601	3.265	27.319	19.168	6.399	4.766	5.974	8.057	2.944	3.801	6.812	73.935	45.473	0.516	5.755	1.566	6.073	2.624
ACAP3	102.63	17.409	0.561	28.88	6.883	1.606	0.607	5.264	6.701	144.601	99.766	33.38	4.5	39.572	20.481	6.081	2.933	8.223	3.246
ACAT1	0.926	16.507	25.886	0.403	4.103	92.276	118.697	6.554	10.379	1.071	3.164	147.23	19.564	5.999	0.455	8.597	6.196	15.906	23.81
ACAT2	2.322	7.16	0.157	0.232	5.491	9.032	5.407	0.976	0.935	0.798	6.985	0.318	2.256	26.23	6.131	100.097	5.702	2.968	0.893
ACBD3	0.097	253.146	4.453	3.436	31.72	6.111	19.569	3.589	32.604	75.638	25.993	1.365	29.687	2.568	64.109	6.51	0.828	1.639	37.82
ACBD4	3.06	5.503	8.637	7.288	0.497	28.279	3.529	9.206	20.916	5.395	13.734	2.776	1.254	0.405	1.282	6.222	8.937	96.716	0.048
ACBD5	2.959	0.98	0.452	55.524	6.776	31.659	9.818	12.763	0.352	3.425	2.778	25.887	13.222	4.907	5.296	6.495	2.526	0.71	2.486
ACBD6	0.986	1.568	1.157	3.104	0.461	175.385	2.046	1.414	16.06	64.491	1.262	11.79	3.817	6.088	24.978	10.76	8.264	1.142	1.425
ACBD7	8.825	5.285	2.658	0.112	14.155	17.851	1.091	3.139	0.362	3.239	5.472	4.109	0.41	0.329	1.103	1.04	1.052	833.813	3.32
ACCS	2.204	54.035	11.299	69.328	14.193	2.358	22.097	3.577	42.142	52.154	8.216	23.994	27.583	0.331	0.618	17.029	1.674	3.877	16.064
ACCSL	41.63	49.498	2.574	0.156	2.05	6.19	2.731	4.097	0.117	10.462	24.047	25.36	20.037	9.053	15.01	19.697	0.539	105.904	13.69
ACD	0.372	0.093	2244.62	0.401	0.376	1.102	0.271	10.342	4.926	2.512	21.378	0.984	1.539	1.369	8.315	7.42	0.911	2.789	0.534
ACE	2.431	50.397	0.253	6.157	14.473	2.125	0.888	5.987	3.037	8.051	5.542	2.852	4.205	30.019	2.08	1.43	26.369	29.739	5.492
ACE2	40.734	2.712	196.311	49.792	0.514	53.446	0.46	333.202	4.457	42.973	0.575	7.387	7.698	2.705	5.523	1.482	16.662	37.564	103.223
ACER1	0.841	9.749	15.349	41.029	10.123	103.703	3.856	22.839	0.1	3.588	34.506	0.929	20.124	4.924	1.21	5.394	33.273	26.03	79.687
ACER2	1.239	26.692	2.52	1.713	519.484	278.067	3.842	5.901	0.154	0.531	2.635	16.975	4.318	3.429	4.058	6.195	4.085	0.187	0.51
ACER3	5.113	8.268	2.556	0.475	4.262	5.438	0.247	0.347	3.498	1.052	1.017	3.471	3.095	14.577	1.184	17.881	92.649	128.77	3.628
ACHE	1.394	2.792	18.026	11.5	14.576	3.187	0.659	2.336	13.826	4.791	2.846	33.965	16.261	22.74	45.223	3.891	11.163	50.532	0.234
ACIN1	2.915	602.061	1.004	609.126	2.217	16.759	35.978	122.126	6.292	0.712	1.796	3.084	0.365	0.304	16.419	5.703	4.921	60.304	5.113
ACKR1	0.213	46.189	0.908	0.53	82.295	0.413	1.656	1.528	10.601	0.191	24.799	9.369	9.015	57.578	4.066	7.258	12.695	25.052	3.474
ACKR2	0.744	1.156	22.011	1.504	0.148	4.217	1.771	7.611	0.538	14.383	31.138	57.322	3.29	5.846	6.722	3.832	7.902	42.641	0.199
ACKR3	0.526	2.359	1.369	0.589	13.379	6.458	0.638	2.748	86.578	25.211	0.43	0.144	4.311	47.088	439.311	3.549	0.495	32.669	19.618
ACKR4	42.714	1.79	0.56	14.202	2.925	1.18	28.52	8.992	27.234	1.042	41.723	1.037	7.144	5.694	0.268	5.325	1.373	0.363	0.166
ACLY	13.567	0.543	14.807	0.951	8.989	28.019	2.422	45.917	3.245	20.541	4.536	1.645	4.359	0.903	0.554	4.961	115.19	115.269	4.361
ACMSD	152.377	0.802	27.17	20.109	0.693	8.051	2.126	0.767	63.5	2.394	2.795	10.368	105.042	0.725	14.362	361.425	1.725	0.249	30.419
ACN9	0.353	19.854	23.724	2.752	0.352	3.034	0.786	4.868	9.397	4.487	4.069	18.472	0.528	68.027	27.209	4.402	1.145	0.728	6.347
ACO1	25.082	0.54	1.497	0.147	0.115	0.805	5.371	0.171	1.158	1.084	54.597	18.594	2.493	8.3	3.488	80.117	8.694	14.119	4.329
ACO2	5.165	4.51	38.306	1.667	1.515	4.112	34.011	82.5	1.367	450.307	2.058	20.993	4.28	26.769	2.245	13.551	23.416	19.349	2.017
ACOT1	1.79	87.197	0.426	23.123	23.226	3.761	12.416	24.786	1.003	0.913	4.932	59.982	64.854	2.208	2.334	5.848	0.23	16.821	0.126
ACOT11	7.644	2.07	7.255	2.844	0.649	48.813	8.295	38.435	10.46	244.763	31.416	3.003	11.986	2.669	1.293	0.971	6.347	19.53	3.38
ACOT12	1.701	0.05	16.584	8.451	146.991	0.021	188.707	57.932	34.565	170.278	7.68	9.065	1.138	9.992	3.401	0.17	6.698	7.639	2.061
ACOT13	9.236	0.102	3.263	3.374	24.357	1.437	3.183	1.853	0.319	4.737	5.309	0.792	23.383	0.836	2.141	68.114	5.38	5.364	39.424
ACOT2	0.642	273.146	5.49	2.072	19.977	6.511	9.104	2.777	16.662	19.146	0.64	67.379	8.115	0.882	0.198	2.284	0.269	0.797	7.114
ACOT4	38.25	3.906	9.238	0.243	6.54	0.866	0.499	13.189	211.214	1.765	2.729	67.918	8.541	22.938	1.625	11.656	4.436	0.256	0.524
ACOT6	22.112	3.969	3.405	2.106	0.064	12.387	6.11	95.24	1.193	55.483	33.756	36.587	38.204	8.803	3.529	1.594	51.859	0.144	25.477
ACOT7	0.889	7.527	0.342	0.283	2.082	2.315	2.718	0.858	4.05	0.55	6.068	0.658	207.954	6.254	27.174	164.638	1.07	0.133	80.533
ACOT8	11.415	7.342	1.405	4.845	6.593	3.467	14.14	5.636	36.512	184.25	0.745	14.484	12.882	5.215	3.313	6.434	13.747	28.462	16.346
ACOT9	0.453	0.586	0.107	0.609	2.071	2.215	5.39	0.588	0.003	0.913	1.026	26.046	15.724	4.552	24.679	0.608	0.747	0.356	0.557
ACOX1	24.248	16.983	12.389	7.007	7.155	2.07	13.523	0.376	23.339	0.362	11.421	7.755	0.279	4.022	10.054	0.561	2.275	0.404	41.885
ACOX2	1.731	35.224	10.112	0.673	22.179	22.633	7.043	1.481	4.273	2.551	6.746	1.229	0.471	39.934	1.445	143.734	3.806	27.829	0.215
ACOX3	0.848	0.798	5.282	42.347	0.589	164.062	6.337	2.715	7.223	155.872	2.779	4.852	0.207	1.186	0.474	4.627	11.229	39.474	7.181
ACOXL	2.238	1.388	12.043	1.427	239.541	2.145	1.234	3.89	1.89	22.277	3.746	1.674	5.541	5.645	11.168	2.529	1.126	7.667	3.151
ACP1	11.199	20.104	34.528	0.703	70.22	1.454	0.522	2.967	0.291	1.036	0.982	178.42	5.231	27.193	15.449	0.513	1.796	0.436	7.529
ACP2	173.434	18.112	2.605	1.846	0.854	1.342	0.477	95.134	85.003	0.559	2.411	72.743	5.302	7.329	15.274	2.242	30.881	29.729	4.371
ACP5	0.374	29.813	23.888	360.464	1.194	2.725	1.327	4.983	1.018	5.36	0.741	89.129	1.458	2.275	94.062	3.713	176.975	0.157	24.058
ACP6	0.164	1.498	50.844	0.429	1.977	6.679	99.195	5.816	1.562	4.789	8.005	2.687	3.7	12.092	1.995	0.86	1.467	11.087	0.312
ACPP	1.276	7.505	37.023	0.919	31.453	5.454	3.784	3.644	41.852	335.108	206.534	37.981	2.764	16.296	5.591	11.645	0.428	1.9	9.822
ACPT	0.228	8.968	21.452	19.373	8.83	6.296	222.286	48.622	43.126	55.539	0.607	0.074	3.893	18.948	15.665	18.146	4.197	0.889	3.053
ACR	0.057	0.427	4.821	17.456	0.985	3.783	17.776	0.966	0.397	4.048	0.163	17.186	1.596	0.401	5.171	14.4	12.746	4.151	4.904
ACRBP	15.039	1.398	0.102	26.219	7.434	0.733	3.36	0.595	21.72	74.648	8.752	0.217	5.984	0.071	2.632	2.069	1.728	3.888	7.715
ACRC	0.622	6.644	11.6	232.086	5.797	5.571	17.681	5.743	3.452	26.806	45.131	2.747	19.959	14.5	1.328	0.363	2.163	129.117	29.243
ACRV1	0.228	0.39	6.464	54.248	5.17	0.234	21.004	61.184	1.163	962.621	1.422	0.152	10.079	0.112	0.836	0.97	12.047	0.541	17.32
ACSBG1	9.236	18.045	1.15	2.276	10.713	10.816	4.192	1.187	83.195	5.398	122.353	5.625	1.698	4.289	3.926	169.623	2.78	129.182	2.567
ACSBG2	5.537	4.142	0.641	2.777	1.495	4.467	4.983	16.435	28.022	4.012	8.256	22.389	30.928	4.537	1.678	14.47	41.139	0.695	1.959
ACSF2	0.297	98.886	4.409	6.418	0.137	46.463	6.443	36.644	36.599	38.871	59.036	0.288	0.871	0.411	1.569	0.253	0.223	23.501	1.708
ACSF3	1.421	151.064	1.698	5.691	33.145	72.794	4.5	1.087	2.166	13.362	5.274	0.196	0.339	0.17	0.931	1.457	16.664	26.215	19.856
ACSL1	0.345	2.487	25.746	7.621	5.978	141.839	12.485	0.514	5.427	57.154	8.355	80.546	4.334	0.519	6.713	4.363	0.08	4.563	5.717
ACSL3	1.744	116.057	1.007	36.77	0.858	16.566	21.379	11.149	4.361	76.752	0.198	65.471	5.774	17.594	1.031	21.156	6.284	0.155	16.901
ACSL4	6.003	0.945	10.695	15.952	5.968	6.318	5.588	69.668	76.471	3.167	1.397	0.403	43.657	0.279	33.351	3.249	1.521	229.981	162.768
ACSL5	117.397	8.199	0.557	15.427	12.547	11.597	1.584	0.03	3.005	1.004	17.326	0.202	5.281	1.536	2.376	1.205	0.482	30.258	26.166
ACSL6	0.354	1.092	82.145	71.378	2.045	0.189	0.742	7.747	28.268	2.007	84.149	1.951	4.096	0.996	74.367	32.158	67.839	51.974	2.592
ACSM1	10.771	33.994	47.454	0.91	10.896	1.333	9.769	29.353	1.069	43.645	10.553	0.794	29.675	8.342	2.533	6.247	7.438	0.875	5.454
ACSM2A	2.828	1.901	2.628	18.554	14.016	35.771	5.175	221.86	3.085	13.334	2.062	11.955	1.769	2.98	5.28	5.188	21.783	7.431	1.209
ACSM2B	4.581	17.934	12.733	4.708	21.733	6.535	0.368	0.953	5.165	3.248	1.05	0.548	0.135	6.48	0.3	4.695	1.004	1.17	2.417
ACSM3	18.905	19.906	10.081	5.423	11.993	1.641	2.06	1.896	7.217	0.498	36.501	0.786	1.288	1.869	2.265	3.894	3.748	4.533	4.631
ACSM4	3.232	10.274	5.207	117.557	46.389	2.176	0.118	4.434	1.569	2.815	4.263	0.506	1.843	85.108	2.064	51.192	10.495	15.865	14.262
ACSM5	58.899	4.955	0.207	0.166	3.571	15.879	1.466	0.595	1.079	2.119	0.285	292.371	226.037	8.337	4.443	0.239	2.142	121.482	30.576
ACSM6	16.403	11.383	9.788	4.914	0.161	1.669	0.529	0.766	2.606	10.584	0.836	3.659	8.791	4.703	7.483	11.886	3.485	16.186	65.949
ACSS1	22.394	3.105	1.042	23.926	253.28	53.208	7.205	8.209	0.236	0.147	1.05	0.157	9.106	2.051	8.557	0.571	2.113	1.219	20.027
ACSS2	2.305	5.927	0.48	3.338	6.738	13.397	84.743	1.964	148.687	1.061	2.9	4.033	3.211	1.509	0.269	0.307	2.264	8.231	0.356
ACSS3	1.133	0.442	0.619	1.791	0.941	46.075	83.072	0.563	0.852	0.297	1.399	12.483	2.562	8.539	18.111	3.847	0.01	1.78	18.889
